[gd_scene load_steps=6 format=3 uid="uid://bsjnev4hjxn1f"]

[ext_resource type="Script" path="res://scripts/CharacterBody3D.cs" id="1_fo5ye"]
[ext_resource type="PackedScene" uid="uid://bwxb68lpxi728" path="res://resurces/91.tscn" id="2_s528e"]

[sub_resource type="BoxMesh" id="BoxMesh_6dxv3"]

[sub_resource type="StandardMaterial3D" id="StandardMaterial3D_yusn6"]
albedo_color = Color(0.545098, 0.466667, 0.439216, 1)
roughness = 0.4

[sub_resource type="BoxShape3D" id="BoxShape3D_dlppt"]

[node name="Node3D" type="Node3D"]

[node name="StaticBody3D" type="StaticBody3D" parent="."]
transform = Transform3D(1, 0, 0, 0, 1, 0, 0, 0, 1, 0, -0.5, 0)

[node name="MeshInstance3D" type="MeshInstance3D" parent="StaticBody3D"]
transform = Transform3D(1000, 0, 0, 0, 1, 0, 0, 0, 1000, 0, 0, 0)
mesh = SubResource("BoxMesh_6dxv3")
surface_material_override/0 = SubResource("StandardMaterial3D_yusn6")

[node name="CollisionShape3D" type="CollisionShape3D" parent="StaticBody3D"]
transform = Transform3D(1000, 0, 0, 0, 1, 0, 0, 0, 1000, 0, 0, 0)
shape = SubResource("BoxShape3D_dlppt")

[node name="91" parent="." instance=ExtResource("2_s528e")]
script = ExtResource("1_fo5ye")

[node name="DirectionalLight3D" type="DirectionalLight3D" parent="."]
transform = Transform3D(1, 0, 0, 0, 0.335682, 0.941976, 0, -0.941976, 0.335682, 0, 5, 0)
light_energy = 0.988
light_indirect_energy = 1.38
light_volumetric_fog_energy = 1.889
shadow_enabled = true
shadow_transmittance_bias = 2.183
shadow_opacity = 0.85
directional_shadow_mode = 1

[node name="CSGBox3D" type="CSGBox3D" parent="."]
transform = Transform3D(0.776673, 0, 0.629903, 0, 1, 0, -0.629903, 0, 0.776673, 0, 0.705849, 3.23982)

[node name="CSGBox3D2" type="CSGBox3D" parent="."]
transform = Transform3D(0.206443, 0, 0.978459, 0, 1, 0, -0.978459, 0, 0.206443, 3.04184, 1.4117, 1.08934)

[node name="CSGBox3D3" type="CSGBox3D" parent="."]
transform = Transform3D(-0.455995, 0, 0.889982, 0, 1, 0, -0.889982, 0, -0.455995, 3.48451, 2.11755, -2.49695)

[node name="OmniLight3D" type="OmniLight3D" parent="."]
transform = Transform3D(1, 0, 0, 0, 1, 0, 0, 0, 1, 0, 1, 3)
light_energy = 0.695

[node name="OmniLight3D2" type="OmniLight3D" parent="."]
transform = Transform3D(1, 0, 0, 0, 1, 0, 0, 0, 1, -3.0159, 2, 3.52541)
light_energy = 0.695

[node name="OmniLight3D2" type="OmniLight3D" parent="OmniLight3D2"]
transform = Transform3D(1, 0, 0, 0, 1, 0, 0, 0, 1, 3.57484, 0.502926, -4.06771)
light_energy = 0.695
